k	f	n
28	1	184288658
28	2	5664237
28	3	870074
28	4	154358
28	5	46921
28	6	21738
28	7	16371
28	8	12302
28	9	7820
28	10	6058
28	11	5367
28	12	3045
28	13	2682
28	14	2946
28	15	1714
28	16	1986
28	17	1272
28	18	1473
28	19	1407
28	20	1149
28	21	1087
28	22	440
28	23	447
28	24	447
28	25	512
28	26	576
28	27	511
28	28	123
28	29	451
28	30	318
28	31	384
28	32	384
28	33	254
28	34	126
28	35	127
28	36	192
28	37	256
28	38	256
28	39	61
28	40	0
28	41	323
28	42	125
28	43	1
28	44	0
28	45	64
28	46	258
28	47	256
28	48	61
28	49	63
28	50	63
28	51	0
28	52	64
28	53	128
28	54	63
28	55	0
28	56	129
28	57	1
28	58	0
28	59	0
28	60	129
28	61	63
28	62	0
28	63	64
28	64	0
28	65	0
28	66	64
28	67	0
28	68	64
28	69	193
28	70	62
28	71	63
28	72	63
28	73	0
28	74	129
28	75	1
28	76	64
28	77	0
28	78	129
28	79	1
28	80	0
28	81	0
28	82	0
28	83	64
28	84	0
28	85	0
28	86	0
28	87	0
28	88	0
28	89	0
28	90	0
28	91	0
28	92	0
28	93	0
28	94	0
28	95	0
28	96	0
28	97	0
28	98	0
28	99	0
28	100	0
28	101	0
28	102	64
28	103	0
28	104	0
28	105	0
28	106	0
28	107	0
28	108	0
28	109	0
28	110	0
28	111	0
28	112	0
28	113	0
28	114	0
28	115	0
28	116	0
28	117	0
28	118	0
28	119	0
28	120	0
28	121	64
28	122	0
28	123	0
28	124	0
28	125	0
28	126	0
28	127	0
28	128	0
28	129	0
28	130	0
28	131	0
28	132	0
28	133	64
28	134	0
28	135	64
28	136	0
28	137	0
28	138	0
28	139	0
28	140	0
28	141	0
28	142	0
28	143	0
28	144	0
28	145	0
28	146	0
28	147	0
28	148	0
28	149	0
28	150	0
28	151	0
28	152	0
28	153	0
28	154	0
28	155	0
28	156	0
28	157	64
28	158	0
28	159	0
28	160	0
28	161	0
28	162	0
28	163	0
28	164	0
28	165	0
28	166	0
28	167	0
28	168	0
28	169	0
28	170	0
28	171	0
28	172	0
28	173	0
28	174	0
28	175	0
28	176	0
28	177	0
28	178	0
28	179	0
28	180	0
28	181	0
28	182	0
28	183	0
28	184	0
28	185	0
28	186	0
28	187	0
28	188	0
28	189	0
28	190	0
28	191	0
28	192	0
28	193	0
28	194	0
28	195	0
28	196	0
28	197	0
28	198	0
28	199	0
28	200	0
28	201	0
28	202	0
28	203	0
28	204	0
28	205	0
28	206	0
28	207	0
28	208	0
28	209	0
28	210	0
28	211	0
28	212	0
28	213	0
28	214	0
28	215	0
28	216	0
28	217	0
28	218	0
28	219	0
28	220	0
28	221	0
28	222	0
28	223	0
28	224	0
28	225	0
28	226	0
28	227	0
28	228	0
28	229	0
28	230	0
28	231	0
28	232	0
28	233	0
28	234	0
28	235	0
28	236	0
28	237	0
28	238	0
28	239	0
28	240	0
28	241	0
28	242	0
28	243	0
28	244	0
28	245	0
28	246	0
28	247	0
28	248	0
28	249	0
28	250	0
28	251	0
28	252	0
28	253	0
28	254	0
28	255	0
28	256	0
28	257	0
28	258	0
28	259	0
28	260	0
28	261	0
28	262	0
28	263	0
28	264	0
28	265	0
28	266	0
28	267	0
28	268	0
28	269	0
28	270	0
28	271	64
28	272	0
28	273	0
28	274	0
28	275	0
28	276	0
28	277	0
28	278	0
28	279	0
28	280	0
28	281	0
28	282	0
28	283	0
28	284	0
28	285	0
28	286	0
28	287	0
28	288	0
28	289	0
28	290	0
28	291	0
28	292	0
28	293	0
28	294	0
28	295	0
28	296	0
28	297	0
28	298	0
28	299	0
28	300	0
28	301	0
28	302	0
28	303	0
28	304	0
28	305	0
28	306	0
28	307	0
28	308	0
28	309	0
28	310	0
28	311	0
28	312	0
28	313	0
28	314	0
28	315	0
28	316	0
28	317	0
28	318	0
28	319	0
28	320	0
28	321	0
28	322	0
28	323	0
28	324	0
28	325	0
28	326	0
28	327	0
28	328	0
28	329	0
28	330	0
28	331	0
28	332	0
28	333	0
28	334	0
28	335	0
28	336	0
28	337	0
28	338	0
28	339	0
28	340	0
28	341	0
28	342	0
28	343	0
28	344	0
28	345	0
28	346	0
28	347	0
28	348	0
28	349	0
28	350	0
28	351	0
28	352	0
28	353	0
28	354	0
28	355	0
28	356	0
28	357	0
28	358	0
28	359	0
28	360	0
28	361	0
28	362	0
28	363	0
28	364	0
28	365	0
28	366	0
28	367	0
28	368	0
28	369	0
28	370	0
28	371	0
28	372	0
28	373	0
28	374	0
28	375	0
28	376	0
28	377	0
28	378	0
28	379	0
28	380	0
28	381	0
28	382	0
28	383	0
28	384	0
28	385	0
28	386	0
28	387	0
28	388	0
28	389	0
28	390	0
28	391	0
28	392	0
28	393	0
28	394	0
28	395	0
28	396	0
28	397	0
28	398	0
28	399	0
28	400	0
28	401	0
28	402	0
28	403	0
28	404	0
28	405	0
28	406	0
28	407	0
28	408	0
28	409	0
28	410	0
28	411	0
28	412	0
28	413	0
28	414	0
28	415	0
28	416	0
28	417	0
28	418	0
28	419	0
28	420	0
28	421	0
28	422	0
28	423	0
28	424	0
28	425	0
28	426	0
28	427	0
28	428	0
28	429	0
28	430	0
28	431	0
28	432	0
28	433	0
28	434	0
28	435	0
28	436	0
28	437	0
28	438	0
28	439	0
28	440	0
28	441	0
28	442	0
28	443	0
28	444	0
28	445	0
28	446	0
28	447	0
28	448	0
28	449	0
28	450	0
28	451	0
28	452	0
28	453	0
28	454	0
28	455	0
28	456	0
28	457	0
28	458	0
28	459	0
28	460	0
28	461	0
28	462	0
28	463	0
28	464	0
28	465	0
28	466	0
28	467	0
28	468	0
28	469	0
28	470	0
28	471	0
28	472	0
28	473	0
28	474	0
28	475	0
28	476	0
28	477	0
28	478	0
28	479	0
28	480	0
28	481	0
28	482	0
28	483	0
28	484	0
28	485	0
28	486	0
28	487	0
28	488	0
28	489	0
28	490	0
28	491	0
28	492	0
28	493	0
28	494	0
28	495	0
28	496	0
28	497	0
28	498	0
28	499	0
28	500	0
28	501	0
28	502	0
28	503	0
28	504	0
28	505	0
28	506	0
28	507	0
28	508	0
28	509	0
28	510	0
28	511	0
28	512	0
28	513	0
28	514	0
28	515	0
28	516	0
28	517	0
28	518	0
28	519	0
28	520	0
28	521	0
28	522	0
28	523	0
28	524	0
28	525	0
28	526	0
28	527	0
28	528	0
28	529	0
28	530	0
28	531	0
28	532	0
28	533	0
28	534	0
28	535	0
28	536	0
28	537	0
28	538	0
28	539	0
28	540	0
28	541	0
28	542	0
28	543	0
28	544	0
28	545	0
28	546	0
28	547	0
28	548	0
28	549	0
28	550	0
28	551	0
28	552	0
28	553	0
28	554	0
28	555	0
28	556	0
28	557	0
28	558	0
28	559	0
28	560	0
28	561	0
28	562	0
28	563	0
28	564	0
28	565	0
28	566	0
28	567	0
28	568	0
28	569	0
28	570	0
28	571	0
28	572	0
28	573	0
28	574	0
28	575	0
28	576	0
28	577	0
28	578	0
28	579	0
28	580	0
28	581	0
28	582	0
28	583	0
28	584	0
28	585	0
28	586	0
28	587	0
28	588	0
28	589	0
28	590	0
28	591	0
28	592	0
28	593	0
28	594	0
28	595	0
28	596	0
28	597	0
28	598	0
28	599	0
28	600	0
28	601	0
28	602	0
28	603	0
28	604	0
28	605	0
28	606	0
28	607	0
28	608	0
28	609	0
28	610	0
28	611	0
28	612	0
28	613	0
28	614	0
28	615	0
28	616	0
28	617	0
28	618	0
28	619	0
28	620	0
28	621	0
28	622	0
28	623	0
28	624	0
28	625	0
28	626	0
28	627	0
28	628	0
28	629	0
28	630	0
28	631	0
28	632	0
28	633	0
28	634	0
28	635	0
28	636	0
28	637	0
28	638	0
28	639	0
28	640	0
28	641	0
28	642	0
28	643	0
28	644	0
28	645	0
28	646	0
28	647	0
28	648	0
28	649	0
28	650	0
28	651	0
28	652	0
28	653	0
28	654	0
28	655	0
28	656	0
28	657	0
28	658	0
28	659	0
28	660	0
28	661	0
28	662	0
28	663	0
28	664	0
28	665	0
28	666	0
28	667	0
28	668	0
28	669	0
28	670	0
28	671	0
28	672	0
28	673	0
28	674	0
28	675	0
28	676	0
28	677	0
28	678	0
28	679	0
28	680	0
28	681	0
28	682	0
28	683	0
28	684	0
28	685	0
28	686	0
28	687	0
28	688	0
28	689	0
28	690	0
28	691	0
28	692	0
28	693	0
28	694	0
28	695	0
28	696	0
28	697	0
28	698	0
28	699	0
28	700	0
28	701	0
28	702	0
28	703	0
28	704	0
28	705	0
28	706	0
28	707	0
28	708	0
28	709	0
28	710	0
28	711	0
28	712	0
28	713	0
28	714	0
28	715	0
28	716	0
28	717	0
28	718	0
28	719	0
28	720	0
28	721	0
28	722	0
28	723	0
28	724	0
28	725	0
28	726	0
28	727	0
28	728	0
28	729	0
28	730	0
28	731	0
28	732	0
28	733	0
28	734	0
28	735	0
28	736	0
28	737	0
28	738	0
28	739	0
28	740	0
28	741	0
28	742	0
28	743	0
28	744	0
28	745	0
28	746	0
28	747	0
28	748	0
28	749	0
28	750	0
28	751	0
28	752	0
28	753	0
28	754	0
28	755	0
28	756	0
28	757	0
28	758	0
28	759	0
28	760	0
28	761	0
28	762	0
28	763	0
28	764	0
28	765	0
28	766	0
28	767	0
28	768	0
28	769	0
28	770	0
28	771	0
28	772	0
28	773	0
28	774	0
28	775	0
28	776	0
28	777	0
28	778	0
28	779	0
28	780	0
28	781	0
28	782	0
28	783	0
28	784	0
28	785	0
28	786	0
28	787	0
28	788	0
28	789	0
28	790	0
28	791	0
28	792	0
28	793	0
28	794	0
28	795	0
28	796	0
28	797	0
28	798	0
28	799	0
28	800	0
28	801	0
28	802	0
28	803	0
28	804	0
28	805	0
28	806	0
28	807	0
28	808	0
28	809	0
28	810	0
28	811	0
28	812	0
28	813	0
28	814	0
28	815	0
28	816	0
28	817	0
28	818	0
28	819	0
28	820	0
28	821	0
28	822	0
28	823	0
28	824	0
28	825	0
28	826	0
28	827	0
28	828	0
28	829	0
28	830	0
28	831	0
28	832	0
28	833	0
28	834	0
28	835	0
28	836	0
28	837	0
28	838	0
28	839	0
28	840	0
28	841	0
28	842	0
28	843	0
28	844	0
28	845	0
28	846	0
28	847	0
28	848	0
28	849	0
28	850	0
28	851	0
28	852	0
28	853	0
28	854	0
28	855	0
28	856	0
28	857	0
28	858	0
28	859	0
28	860	0
28	861	0
28	862	0
28	863	0
28	864	0
28	865	0
28	866	0
28	867	0
28	868	0
28	869	0
28	870	0
28	871	0
28	872	0
28	873	0
28	874	0
28	875	0
28	876	0
28	877	0
28	878	0
28	879	0
28	880	0
28	881	0
28	882	0
28	883	0
28	884	0
28	885	0
28	886	0
28	887	0
28	888	0
28	889	0
28	890	0
28	891	0
28	892	0
28	893	0
28	894	0
28	895	0
28	896	0
28	897	0
28	898	0
28	899	0
28	900	0
28	901	0
28	902	0
28	903	0
28	904	0
28	905	0
28	906	0
28	907	0
28	908	0
28	909	0
28	910	0
28	911	0
28	912	0
28	913	0
28	914	0
28	915	0
28	916	0
28	917	0
28	918	0
28	919	0
28	920	0
28	921	0
28	922	0
28	923	0
28	924	0
28	925	0
28	926	0
28	927	0
28	928	0
28	929	0
28	930	0
28	931	0
28	932	0
28	933	0
28	934	0
28	935	0
28	936	0
28	937	0
28	938	0
28	939	0
28	940	0
28	941	0
28	942	0
28	943	0
28	944	0
28	945	0
28	946	0
28	947	0
28	948	0
28	949	0
28	950	0
28	951	0
28	952	0
28	953	0
28	954	0
28	955	0
28	956	0
28	957	0
28	958	0
28	959	0
28	960	0
28	961	0
28	962	0
28	963	0
28	964	0
28	965	0
28	966	0
28	967	0
28	968	0
28	969	0
28	970	0
28	971	0
28	972	0
28	973	0
28	974	0
28	975	0
28	976	0
28	977	0
28	978	0
28	979	0
28	980	0
28	981	0
28	982	0
28	983	0
28	984	0
28	985	0
28	986	0
28	987	0
28	988	0
28	989	0
28	990	0
28	991	0
28	992	0
28	993	0
28	994	0
28	995	0
28	996	0
28	997	0
28	998	0
28	999	0
28	1000	0
